50
7.03206626495841
-1.95854721283836
10.2768910363903
3.27069971946212
-3.10920833778913
2.24587417122291
11.3129731490151
-8.05483793800293
4.63446656026273
8.49849107340402
6.95990790683836
10.2229489920543
0.504155111275669
0.961389875572769
-2.01195916837288
8.46109774901812
9.59116110475227
3.32769882686027
5.63252972004093
5.81688777921557
-2.05607975409101
-1.55771847009351
1.61602676568831
12.5837435474451
-7.42875968752845
1.40129467122879
-0.632411790113057
-2.12809645302364
5.49178122786602
4.1898474189507
5.71296578223649
7.59354709059514
-7.04695574491047
3.72779987051153
5.39167865461581
3.82499691299334
9.26847191603026
8.38468595933239
-2.57849185414354
-0.846707811897491
4.93227887497261
-0.508611671659576
2.88437467493591
6.24170101389689
-5.83697466341543
0.211100362907825
2.78750545145245
4.06281656499149
5.82667920779216
-3.51605484294356
