200
9.3007063497951
12.3258438312211
3.66599470556363
21.7260046012751
53.8061637591229
-50.3617115167623
-9.86936389351435
24.2498841997771
58.6743618795112
-2.57511593117341
-5.89126970323079
34.1008790457249
24.3377320105222
-26.619727669934
-13.6522580862536
0.614553545405737
-27.8777225994851
5.12103829213802
-10.5241943522647
-32.4831166074522
-10.3079929657896
0.771728361919484
-51.5815766679939
-19.9109633141951
-5.54977533535814
-28.1568081890008
-7.16826514731984
-11.1167603193982
49.312378604042
8.72441830707329
25.401978223098
37.423255682513
17.209603575182
0.040426308109172
37.094757420572
-4.03613423044073
-7.97669329647636
27.9892207880417
-47.5230874379678
8.42618115861258
79.4340372405198
72.8187321003297
14.7647043275369
-30.8402196233467
4.73275015141538
-16.7447632991022
-1.2258344770417
2.17761660639086
-21.3301042048697
17.5807990010927
26.5416237968088
-3.20954240415988
11.9220657679825
-3.57844637621382
61.5166659677034
114.095557234274
40.2091351525987
34.5300682486492
-16.9176627019879
28.2932437202315
69.3997425327302
-30.274402302575
2.87756618823975
-36.1992146916867
-26.7130942552675
-36.9707780984761
25.94961628416
-36.070852709561
26.7585271868407
50.4470134163647
-27.6523840044195
-41.2618146103593
-23.0595040635511
-31.0718254390299
8.00460801761837
-17.7006279565483
-10.2281608397166
53.3387639626008
-18.8013116284488
-7.0582492446772
2.61002900191051
86.9471854649166
35.5410402747056
-21.0717772788743
16.8415081543365
-13.5068808219181
53.647554903827
-10.3145822969076
28.9451480208869
24.9742158579359
-29.0878286957346
-15.3407056316227
27.7031056927241
-16.3829653880298
29.61061225018
1.47321188505587
-30.0381133275335
-46.001322806195
-15.806637413284
78.6552908893821
3.01347335381164
-32.6925393289603
-34.0588675037579
-12.9926069924489
-1.26275586308067
-27.3673178707371
6.02637266371312
52.4012552931913
29.4275167852109
12.1840271250351
40.8432256651097
3.34687530058545
31.1325314907522
-20.5265998930488
50.5648271375
19.1076122785266
-34.7905428866483
-14.5321547574305
1.2019461655593
-2.11075349229565
49.1986927416851
-9.01763110134014
-9.14758783910037
29.6180939360846
33.2463781917595
66.3384884032104
-42.856693391351
-4.27224027836426
43.8053586160274
-11.4997547358295
-3.17082943098828
-24.4985632832365
40.2674217008955
60.0703250955006
-42.2582094066481
-38.3405212151308
5.29484991198648
5.47313715038576
55.8491773576479
70.7056029039367
9.02599398419052
15.0612594802349
19.0361509347835
3.80805211503474
40.3765093699004
-20.0386134655496
-4.39461855991353
-18.6940953031534
5.92546209504536
17.4149995033742
-4.34130580558303
103.754833537894
28.0848317865071
41.4986715249002
-3.6311949315798
40.0467517605028
17.3926710485788
6.73451582553679
9.22242775188943
13.329433308258
13.6842948725365
-22.859973250642
18.3541014519983
39.2301642530592
3.42954552823159
-11.7238619817143
9.08755662241375
32.8657004694641
24.8665211576362
35.8600416629278
7.53396344087247
38.2875307167306
22.8966199535453
-7.47369538374194
-9.53377515762665
11.7132515773557
10.3426210097086
12.9472487262098
-9.99490501279264
28.8678485713637
59.2819658815691
53.7602323361433
7.90194060355871
34.9853099795664
23.0088710523822
13.0201709124091
3.84306961976141
38.3328095451209
-20.1398075680835
-21.9565474709721
-8.45203531373689
21.1774784935796
63.7260106589087
15.889244987986
52.1096801588243
93.4894192863441
18.5935226530607
-21.375807283528
35.6755131570488
9.20869382565619
