100
-30.5910543084693
14.3946643956508
-63.2218692726188
-0.90913464384764
36.5483723719266
2.19384932012903
-94.5009549685734
-49.8847296425925
31.9973328264327
-60.8765461383822
-30.7075449983817
-40.5569026386218
-73.1052810911711
-48.1308305933436
-89.2741191853287
24.6650786129279
9.52937133420417
37.6371635872563
1.64985384418643
70.778366886746
82.0711951040672
-6.91363236365006
-26.9061085725983
59.9928981893734
-1.23255765602478
-7.31634810226621
6.14734346945359
-38.0512114868965
66.8241904298194
68.8117595642642
-42.2949125420081
43.2433042396611
-6.92316640977201
-5.95113788848487
58.1588803552279
4.58436344577627
-52.3137645741539
2.56111998915776
38.3307460189865
-29.7879878919002
75.0144166539141
32.7331880116205
-86.9099139574498
-80.1761002281574
54.2533207505673
-94.0289785479826
48.6360346616567
10.7816429794091
-85.5284596816984
-19.520841625458
-58.1310823590025
-17.4892924988143
102.635301028006
-74.8461179174424
-48.2888949964075
16.5184906180905
-2.20345228583088
-12.8113695905105
-1.7611195571931
-41.5314792876507
18.4444065602943
-43.6692958649428
56.9596572546096
18.6929061418539
-86.221695531671
14.7192997098454
125.386933761335
-9.69402296743909
56.275565270828
32.1378787585922
17.3251129135187
-32.3944111848553
69.6192600237863
43.2997324078622
35.5741427286812
11.5522716457127
-21.6924353162295
-28.2764280458982
-38.7655647071879
-1.1981202774761
39.1487946294424
-14.5860880844535
-147.448193326851
-21.9086958663741
47.2831398912895
-84.9169453662047
8.18969553457869
19.4452673245174
-14.0208884563983
-8.96044222294123
28.0525761102612
-124.404332953157
28.2607165627034
-28.0792173102482
65.7725757620102
38.5845344513118
11.5609230582988
44.7895206567021
20.0449404432233
-68.0768235744669
