100
-1.65742538804006
8.66432785668588
24.7611560036408
-18.6198031521748
-5.70253317735061
12.3041909646232
-13.6243307117784
-9.06668051529055
-0.891574214452491
43.5049336567576
7.92722320551332
-18.59473044779
-19.1629064468621
-30.7071864440008
18.1274829240909
15.5820754187857
-4.97616391741055
-23.7754845129082
-15.8451612157945
31.2651896309472
-4.76949931414747
30.9237925593308
-0.592201855657861
22.1788544601321
1.26967230455686
-0.736611516369908
30.5791307549742
-24.4465706951808
9.60369043270623
34.5852196441753
-12.0030014007596
-28.6681920422979
2.30864964637561
23.0241653056064
1.58683887733422
10.6615554897829
16.1317886854707
7.86961222854273
16.9416756409599
-6.03542083012552
-50.1361952676702
-6.39541030041004
-7.05653471901588
8.40562937713544
-36.0484612060147
28.8875093256144
-12.2603880412595
-7.20591565402602
-33.598044404582
1.22808899953082
-1.65020435962046
16.7990811932532
7.50876530885415
1.95346440514299
-26.0378935373886
1.48543699653118
9.67778361399954
22.450831210574
28.1438654675189
24.5828232971971
-6.28641646826285
-27.974170802618
0.557489671922971
25.0232666208329
29.3054995152295
17.6189792223603
7.04611005350833
39.2626867016661
-18.6517921851569
-16.1167970703498
-2.77555075482342
-0.0421725585733211
-10.4553773566122
-16.8595231579625
14.8599933559125
47.421340975252
11.8364864285849
3.69541635053953
-13.9794383794686
5.87282845819631
10.3385485486173
-11.2049706297873
4.10273905842645
-17.9556022928741
5.31088044717805
5.47998825908742
20.2292345544822
9.3495709619349
-2.77228799039455
25.6683011715424
3.67484336853403
-0.162098872147975
6.49719643700883
-19.3820310921826
32.0045152334646
-22.3077392490507
-21.2792638018641
-23.8333902792517
-39.9246347182093
-3.39106714367878
