80
29.3900666718625
36.4723189448865
36.7719702612898
20.9065915805959
28.6510487491013
47.809982337676
30.679036678552
31.8744680062796
59.3590119498776
14.5868330990202
19.1733674719705
17.9677024648475
43.8374569133065
30.626338267749
34.308934183478
10.5769663224452
36.0394555328181
28.2679329090561
17.6129575566119
27.8830850061619
32.6522122883698
38.1862019149625
29.4390812267741
19.4169971367312
34.8969762410413
39.620502963432
35.4935842806988
36.2575830064654
14.8777785575055
38.5489770647578
25.7620502840124
21.360255027042
37.3629404173008
38.9925227707373
35.4813684801908
24.5449952718889
12.4735666832275
31.3995647169472
30.7487618405441
21.3051694199332
33.4273345122394
36.4545940701708
13.4896070937966
26.2468919777427
47.0228531601787
32.8274400872535
35.4153077836909
24.2531069495446
36.0656682827948
26.4667159976696
34.7251855545994
30.7714788111511
14.7202103903095
24.8057748587483
30.3819872699908
55.7126229586812
10.903483902054
49.0718695352242
14.4686894068239
36.6351860062157
13.1623314809794
30.7098966027463
48.6859652908061
30.41980269404
34.6772822213455
31.5928441953771
34.1739506552112
39.2434547259363
20.6546127285532
41.7892780545886
39.5962392721104
34.7387609801972
39.9326047991812
18.7416174117761
11.1426326334188
34.1137884318103
36.6324565194383
36.5319738198216
26.6651386066445
20.5358705266482
