1000
0
0.282512792041938
0.561951688704218
0.835280409805964
1.09953742955138
1.3518721697676
1.58957978933334
1.81013412985738
2.01121840120008
2.19075321928026
2.34692164240258
2.47819089064713
2.58333047519101
2.66142651024143
2.71189202896452
2.73447317577048
2.72925119991234
2.69664022889942
2.63738085403245
2.55252961374798
2.44344451273123
2.3117667652516
2.15939899924753
1.98848020272238
1.80135773543567
1.60055676615374
1.38874752838568
1.1687108151557
0.943302155600514
0.715415132744662
0.487944312488626
0.263748258506633
0.045613106335779
-0.16378283753594
-0.361903019211127
-0.546384650407343
-0.715068402584313
-0.866025403784438
-0.99758119462625
-1.10833633911156
-1.19718342901709
-1.26332026708732
-1.30625906343182
-1.32583153082671
-1.32218981736875
-1.29580326845542
-1.24745106367974
-1.17821082724688
-1.08944336226146
-0.98277370903727
-0.860068774805763
-0.723411826242145
-0.575074176522952
-0.417484434660741
-0.25319571616819
-0.0848512402844672
0.0848512402844651
0.253195716168188
0.41748443466074
0.575074176522952
0.723411826242144
0.860068774805764
0.982773709037269
1.08944336226146
1.17821082724688
1.24745106367974
1.29580326845542
1.32218981736875
1.32583153082671
1.30625906343182
1.26332026708732
1.19718342901709
1.10833633911156
0.997581194626252
0.86602540378444
0.715068402584314
0.546384650407344
0.361903019211128
0.16378283753594
-0.0456131063357755
-0.26374825850663
-0.487944312488625
-0.71541513274466
-0.943302155600512
-1.1687108151557
-1.38874752838567
-1.60055676615374
-1.80135773543567
-1.98848020272238
-2.15939899924753
-2.3117667652516
-2.44344451273123
-2.55252961374798
-2.63738085403245
-2.69664022889942
-2.72925119991234
-2.73447317577048
-2.71189202896452
-2.66142651024143
-2.58333047519101
-2.47819089064713
-2.34692164240258
-2.19075321928026
-2.01121840120009
-1.81013412985738
-1.58957978933334
-1.3518721697676
-1.09953742955138
-0.835280409805967
-0.561951688704221
-0.28251279204194
-1.22464679914735e-15
0.282512792041933
0.561951688704218
0.835280409805961
1.09953742955138
1.35187216976759
1.58957978933334
1.81013412985738
2.01121840120008
2.19075321928026
2.34692164240257
2.47819089064713
2.58333047519101
2.66142651024143
2.71189202896452
2.73447317577048
2.72925119991234
2.69664022889942
2.63738085403245
2.55252961374798
2.44344451273123
2.3117667652516
2.15939899924753
1.98848020272238
1.80135773543567
1.60055676615375
1.38874752838568
1.1687108151557
0.94330215560051
0.715415132744662
0.48794431248863
0.263748258506632
0.0456131063357842
-0.163782837535941
-0.361903019211123
-0.54638465040734
-0.71506840258431
-0.866025403784436
-0.997581194626249
-1.10833633911156
-1.19718342901709
-1.26332026708732
-1.30625906343182
-1.32583153082671
-1.32218981736875
-1.29580326845542
-1.24745106367974
-1.17821082724688
-1.08944336226146
-0.982773709037272
-0.860068774805762
-0.723411826242146
-0.575074176522954
-0.417484434660743
-0.253195716168191
-0.0848512402844679
0.0848512402844657
0.253195716168188
0.417484434660741
0.575074176522947
0.723411826242144
0.86006877480576
0.982773709037271
1.08944336226145
1.17821082724687
1.24745106367974
1.29580326845542
1.32218981736875
1.32583153082671
1.30625906343182
1.26332026708732
1.19718342901709
1.10833633911156
0.99758119462625
0.866025403784438
0.715068402584312
0.546384650407348
0.361903019211126
0.163782837535944
-0.0456131063357813
-0.26374825850663
-0.487944312488631
-0.715415132744659
-0.943302155600511
-1.1687108151557
-1.38874752838568
-1.60055676615374
-1.80135773543567
-1.98848020272237
-2.15939899924753
-2.3117667652516
-2.44344451273123
-2.55252961374798
-2.63738085403245
-2.69664022889942
-2.72925119991234
-2.73447317577048
-2.71189202896452
-2.66142651024144
-2.58333047519102
-2.47819089064714
-2.34692164240258
-2.19075321928026
-2.01121840120008
-1.81013412985738
-1.58957978933335
-1.3518721697676
-1.09953742955139
-0.835280409805968
-0.561951688704222
-0.282512792041941
-2.44929359829471e-15
0.282512792041936
0.561951688704208
0.835280409805964
1.09953742955138
1.3518721697676
1.58957978933334
1.81013412985737
2.01121840120009
2.19075321928026
2.34692164240257
2.47819089064713
2.58333047519101
2.66142651024144
2.71189202896452
2.73447317577048
2.72925119991234
2.69664022889942
2.63738085403245
2.55252961374798
2.44344451273123
2.31176676525161
2.15939899924752
1.98848020272238
1.80135773543568
1.60055676615375
1.38874752838568
1.1687108151557
0.943302155600515
0.715415132744663
0.487944312488635
0.26374825850664
0.0456131063357784
-0.16378283753594
-0.361903019211122
-0.546384650407339
-0.715068402584309
-0.86602540378444
-0.997581194626248
-1.10833633911156
-1.19718342901709
-1.26332026708732
-1.30625906343182
-1.32583153082671
-1.32218981736875
-1.29580326845542
-1.24745106367975
-1.17821082724688
-1.08944336226146
-0.982773709037273
-0.860068774805766
-0.723411826242142
-0.57507417652295
-0.417484434660743
-0.253195716168191
-0.084851240284474
0.0848512402844703
0.253195716168188
0.41748443466074
0.575074176522947
0.723411826242139
0.860068774805763
0.98277370903727
1.08944336226146
1.17821082724687
1.24745106367974
1.29580326845542
1.32218981736875
1.32583153082671
1.30625906343182
1.26332026708732
1.19718342901709
1.10833633911157
0.997581194626255
0.866025403784443
0.715068402584317
0.546384650407348
0.361903019211132
0.163782837535945
-0.0456131063357738
-0.263748258506629
-0.487944312488623
-0.715415132744658
-0.94330215560051
-1.1687108151557
-1.38874752838568
-1.60055676615374
-1.80135773543567
-1.98848020272238
-2.15939899924752
-2.3117667652516
-2.44344451273123
-2.55252961374798
-2.63738085403244
-2.69664022889942
-2.72925119991234
-2.73447317577048
-2.71189202896452
-2.66142651024144
-2.58333047519102
-2.47819089064713
-2.34692164240258
-2.19075321928026
-2.01121840120009
-1.81013412985739
-1.58957978933335
-1.3518721697676
-1.09953742955139
-0.83528040980597
-0.561951688704223
-0.282512792041942
-3.67394039744206e-15
0.282512792041935
0.561951688704216
0.835280409805963
1.09953742955138
1.35187216976759
1.58957978933334
1.81013412985737
2.01121840120009
2.19075321928026
2.34692164240258
2.47819089064713
2.58333047519101
2.66142651024144
2.71189202896452
2.73447317577048
2.72925119991234
2.69664022889942
2.63738085403245
2.55252961374798
2.44344451273123
2.31176676525161
2.15939899924753
1.98848020272238
1.80135773543568
1.60055676615375
1.38874752838568
1.1687108151557
0.943302155600516
0.715415132744664
0.487944312488629
0.263748258506634
0.0456131063357792
-0.163782837535939
-0.361903019211127
-0.546384650407344
-0.715068402584303
-0.86602540378444
-0.997581194626252
-1.10833633911156
-1.19718342901709
-1.26332026708732
-1.30625906343182
-1.32583153082671
-1.32218981736875
-1.29580326845542
-1.24745106367975
-1.17821082724687
-1.08944336226146
-0.982773709037273
-0.860068774805767
-0.723411826242139
-0.575074176522956
-0.417484434660744
-0.253195716168192
-0.0848512402844694
0.0848512402844642
0.253195716168187
0.417484434660739
0.575074176522951
0.723411826242134
0.860068774805763
0.98277370903727
1.08944336226146
1.17821082724687
1.24745106367974
1.29580326845542
1.32218981736875
1.32583153082671
1.30625906343182
1.26332026708732
1.19718342901709
1.10833633911157
0.997581194626255
0.866025403784444
0.715068402584318
0.546384650407349
0.361903019211133
0.163782837535945
-0.0456131063357729
-0.263748258506628
-0.487944312488622
-0.715415132744657
-0.943302155600509
-1.1687108151557
-1.38874752838567
-1.60055676615374
-1.80135773543567
-1.98848020272238
-2.15939899924752
-2.3117667652516
-2.44344451273123
-2.55252961374798
-2.63738085403244
-2.69664022889942
-2.72925119991234
-2.73447317577048
-2.71189202896452
-2.66142651024144
-2.58333047519102
-2.47819089064713
-2.34692164240258
-2.19075321928026
-2.01121840120009
-1.81013412985739
-1.58957978933335
-1.3518721697676
-1.09953742955139
-0.835280409805971
-0.561951688704224
-0.282512792041944
-4.89858719658941e-15
0.282512792041951
0.561951688704215
0.835280409805961
1.09953742955136
1.35187216976759
1.58957978933334
1.81013412985737
2.01121840120008
2.19075321928025
2.34692164240258
2.47819089064713
2.58333047519101
2.66142651024144
2.71189202896452
2.73447317577048
2.72925119991234
2.69664022889942
2.63738085403245
2.55252961374799
2.44344451273123
2.3117667652516
2.15939899924753
1.98848020272238
1.80135773543569
1.60055676615375
1.38874752838567
1.1687108151557
0.943302155600517
0.715415132744679
0.487944312488629
0.263748258506635
0.0456131063357936
-0.163782837535938
-0.361903019211115
-0.546384650407343
-0.715068402584313
-0.86602540378443
-0.997581194626251
-1.10833633911156
-1.19718342901709
-1.26332026708732
-1.30625906343182
-1.32583153082671
-1.32218981736875
-1.29580326845542
-1.24745106367974
-1.17821082724688
-1.08944336226146
-0.982773709037267
-0.860068774805767
-0.723411826242139
-0.575074176522956
-0.417484434660745
-0.253195716168182
-0.0848512402844701
0.0848512402844635
0.253195716168176
0.417484434660739
0.57507417652295
0.723411826242134
0.860068774805762
0.982773709037262
1.08944336226146
1.17821082724688
1.24745106367974
1.29580326845542
1.32218981736875
1.32583153082671
1.30625906343182
1.26332026708732
1.19718342901709
1.10833633911157
0.997581194626256
0.866025403784435
0.715068402584319
0.54638465040735
0.361903019211146
0.163782837535946
-0.0456131063357853
-0.263748258506627
-0.487944312488621
-0.715415132744641
-0.943302155600508
-1.1687108151557
-1.38874752838566
-1.60055676615374
-1.80135773543566
-1.98848020272238
-2.15939899924753
-2.31176676525159
-2.44344451273123
-2.55252961374798
-2.63738085403244
-2.69664022889942
-2.72925119991234
-2.73447317577048
-2.71189202896452
-2.66142651024144
-2.58333047519101
-2.47819089064714
-2.34692164240258
-2.19075321928025
-2.01121840120009
-1.81013412985737
-1.58957978933335
-1.3518721697676
-1.09953742955137
-0.835280409805972
-0.561951688704225
-0.282512792041962
-6.12323399573677e-15
0.28251279204195
0.561951688704213
0.83528040980596
1.09953742955136
1.35187216976759
1.58957978933334
1.81013412985736
2.01121840120008
2.19075321928025
2.34692164240258
2.47819089064713
2.58333047519102
2.66142651024144
2.71189202896452
2.73447317577048
2.72925119991234
2.69664022889942
2.63738085403245
2.55252961374799
2.44344451273123
2.3117667652516
2.15939899924754
1.98848020272237
1.80135773543569
1.60055676615376
1.38874752838567
1.16871081515572
0.943302155600503
0.71541513274468
0.487944312488645
0.263748258506622
0.0456131063357946
-0.163782837535925
-0.361903019211114
-0.546384650407331
-0.715068402584322
-0.866025403784429
-0.997581194626243
-1.10833633911156
-1.19718342901709
-1.26332026708732
-1.30625906343182
-1.32583153082671
-1.32218981736875
-1.29580326845543
-1.24745106367975
-1.17821082724688
-1.08944336226146
-0.982773709037274
-0.860068774805768
-0.723411826242149
-0.575074176522957
-0.417484434660746
-0.253195716168193
-0.0848512402844708
0.0848512402844628
0.253195716168186
0.417484434660738
0.57507417652295
0.723411826242142
0.860068774805762
0.982773709037269
1.08944336226146
1.17821082724688
1.24745106367974
1.29580326845542
1.32218981736875
1.32583153082671
1.30625906343182
1.26332026708732
1.19718342901709
1.10833633911157
0.997581194626249
0.866025403784436
0.715068402584329
0.546384650407339
0.361903019211147
0.163782837535934
-0.0456131063357844
-0.263748258506612
-0.487944312488634
-0.71541513274464
-0.943302155600493
-1.16871081515571
-1.38874752838566
-1.60055676615375
-1.80135773543566
-1.98848020272237
-2.15939899924753
-2.31176676525159
-2.44344451273122
-2.55252961374797
-2.63738085403244
-2.69664022889942
-2.72925119991234
-2.73447317577048
-2.71189202896453
-2.66142651024144
-2.58333047519102
-2.47819089064714
-2.34692164240258
-2.19075321928024
-2.01121840120009
-1.81013412985739
-1.58957978933335
-1.3518721697676
-1.09953742955139
-0.835280409805973
-0.561951688704227
-0.282512792041946
-7.34788079488412e-15
0.282512792041931
0.561951688704212
0.835280409805959
1.09953742955138
1.35187216976759
1.58957978933334
1.81013412985738
2.01121840120008
2.19075321928024
2.34692164240258
2.47819089064713
2.58333047519101
2.66142651024143
2.71189202896452
2.73447317577048
2.72925119991234
2.69664022889942
2.63738085403245
2.55252961374799
2.44344451273123
2.3117667652516
2.15939899924754
1.98848020272237
1.80135773543569
1.60055676615376
1.38874752838567
1.16871081515572
0.943302155600504
0.715415132744681
0.487944312488646
0.263748258506623
0.0456131063357954
-0.163782837535924
-0.361903019211113
-0.54638465040733
-0.715068402584321
-0.866025403784429
-0.997581194626243
-1.10833633911155
-1.19718342901709
-1.26332026708732
-1.30625906343181
-1.32583153082671
-1.32218981736875
-1.29580326845543
-1.24745106367975
-1.17821082724688
-1.08944336226146
-0.982773709037275
-0.860068774805768
-0.723411826242149
-0.575074176522958
-0.417484434660746
-0.253195716168194
-0.0848512402844716
0.084851240284462
0.253195716168185
0.417484434660737
0.575074176522949
0.723411826242141
0.860068774805761
0.982773709037268
1.08944336226145
1.17821082724688
1.24745106367974
1.29580326845542
1.32218981736875
1.32583153082671
1.30625906343182
1.26332026708732
1.19718342901709
1.10833633911157
0.997581194626249
0.866025403784437
0.71506840258433
0.54638465040734
0.361903019211148
0.163782837535935
-0.0456131063357835
-0.263748258506611
-0.487944312488633
-0.715415132744639
-0.943302155600492
-1.16871081515571
-1.38874752838566
-1.60055676615375
-1.80135773543566
-1.98848020272236
-2.15939899924753
-2.31176676525159
-2.44344451273122
-2.55252961374797
-2.63738085403244
-2.69664022889942
-2.72925119991234
-2.73447317577048
-2.71189202896453
-2.66142651024144
-2.58333047519102
-2.47819089064714
-2.34692164240258
-2.19075321928024
-2.01121840120009
-1.81013412985739
-1.58957978933335
-1.35187216976761
-1.09953742955139
-0.835280409805974
-0.561951688704228
-0.282512792041947
-8.57252759403147e-15
0.28251279204193
0.561951688704211
0.835280409805958
1.09953742955138
1.35187216976759
1.58957978933334
1.81013412985738
2.01121840120008
2.19075321928023
2.34692164240257
2.47819089064713
2.58333047519101
2.66142651024143
2.71189202896452
2.73447317577048
2.72925119991234
2.69664022889942
2.63738085403245
2.55252961374799
2.44344451273123
2.3117667652516
2.15939899924754
1.98848020272238
1.80135773543569
1.60055676615377
1.38874752838567
1.16871081515572
0.943302155600505
0.715415132744682
0.487944312488647
0.263748258506624
0.0456131063357964
-0.163782837535923
-0.361903019211112
-0.546384650407329
-0.71506840258432
-0.866025403784428
-0.997581194626242
-1.10833633911155
-1.19718342901709
-1.26332026708732
-1.30625906343181
-1.32583153082671
-1.32218981736875
-1.29580326845543
-1.24745106367975
-1.17821082724688
-1.08944336226146
-0.982773709037275
-0.860068774805769
-0.72341182624215
-0.575074176522958
-0.417484434660747
-0.253195716168195
-0.0848512402844723
0.0848512402844613
0.253195716168184
0.417484434660736
0.575074176522948
0.723411826242141
0.860068774805761
0.982773709037268
1.08944336226145
1.17821082724687
1.24745106367974
1.29580326845542
1.32218981736875
1.32583153082671
1.30625906343182
1.26332026708732
1.19718342901709
1.10833633911157
0.99758119462625
0.866025403784437
0.715068402584331
0.546384650407341
0.361903019211149
0.163782837535936
-0.0456131063357825
-0.26374825850661
-0.487944312488632
-0.715415132744639
-0.943302155600491
-1.16871081515571
-1.38874752838566
-1.60055676615375
-1.80135773543565
-1.98848020272236
-2.15939899924753
-2.31176676525159
-2.44344451273122
-2.55252961374797
-2.63738085403244
-2.69664022889942
-2.72925119991234
-2.73447317577048
-2.71189202896453
-2.66142651024144
-2.58333047519102
-2.47819089064714
-2.34692164240258
-2.19075321928027
-2.01121840120009
-1.81013412985739
-1.58957978933335
-1.35187216976761
-1.09953742955139
-0.835280409805975
-0.561951688704229
-0.282512792041948
-9.79717439317883e-15
0.282512792041929
0.561951688704245
0.835280409805923
1.09953742955137
1.35187216976759
1.58957978933334
1.81013412985738
2.01121840120006
2.19075321928023
2.34692164240257
2.47819089064713
2.58333047519101
2.66142651024143
2.71189202896452
2.73447317577048
2.72925119991234
2.69664022889942
2.63738085403246
2.55252961374799
2.44344451273123
2.3117667652516
2.15939899924752
1.9884802027224
1.80135773543569
1.60055676615377
1.38874752838567
1.16871081515569
0.943302155600535
0.715415132744683
0.487944312488648
0.263748258506625
0.0456131063357704
-0.163782837535922
-0.361903019211111
-0.546384650407329
-0.71506840258432
-0.866025403784445
-0.997581194626241
-1.10833633911155
-1.19718342901709
-1.26332026708732
-1.30625906343182
-1.32583153082671
-1.32218981736875
-1.29580326845543
-1.24745106367975
-1.17821082724687
-1.08944336226147
-0.982773709037276
-0.86006877480577
-0.723411826242151
-0.57507417652294
-0.417484434660768
-0.253195716168196
-0.0848512402844731
0.0848512402844606
0.253195716168183
0.417484434660715
0.575074176522928
0.72341182624214
0.86006877480576
0.982773709037267
1.08944336226144
1.17821082724686
1.24745106367974
1.29580326845542
1.32218981736875
1.32583153082671
1.30625906343182
1.26332026708732
1.19718342901709
1.10833633911156
0.997581194626266
0.866025403784456
0.715068402584332
0.546384650407342
0.361903019211125
0.163782837535963
-0.0456131063357547
-0.263748258506609
-0.487944312488631
-0.715415132744666
-0.943302155600518
-1.16871081515568
-1.38874752838566
-1.60055676615375
-1.80135773543568
-1.98848020272239
-2.15939899924751
-2.31176676525159
-2.44344451273122
-2.55252961374799
-2.63738085403245
-2.69664022889942
-2.72925119991234
-2.73447317577048
-2.71189202896452
-2.66142651024143
-2.58333047519102
-2.47819089064714
-2.34692164240258
-2.19075321928025
-2.01121840120007
-1.81013412985739
-1.58957978933335
-1.35187216976761
-1.09953742955139
-0.835280409805943
-0.561951688704265
-0.28251279204195
-1.10218211923262e-14
