500
114.658397689628
58.7079652237277
153.359573803965
0.572028026474399
75.0200021153394
105.638550212305
96.554453354458
-14.3912679832982
130.909459290607
-82.7942414213615
0.497055742857043
160.824416505672
111.201816291408
26.8239332773875
-4.39179507985057
-11.0458615291604
133.127355105038
53.2584168040377
59.7709041966321
108.703496358927
61.6616606301009
206.02883317725
39.7685496005405
-153.517656107331
-34.9583752816887
169.032220803951
-77.8182220667918
-76.609872291487
178.328107649323
-56.3150796200256
33.7013086458732
8.74920605505159
70.9469668533005
217.564836573326
-22.7382937570332
140.093791382641
51.8258133885798
179.316759419542
-42.3185291457178
37.282536913724
140.178390445132
-104.875374121288
97.5485795702538
4.74918836255369
37.0546663933247
75.2587786280336
79.1021391659883
74.8498062115146
-174.998527467949
103.44689641888
-6.19356522048808
-80.8183903944433
104.345716324388
-10.8928684674497
4.34469514823641
-41.0728671524637
-41.5851997414835
45.7654360035419
69.9312290934471
-8.84680227980014
-99.7651758020101
30.479324669204
-54.3638446115965
68.9283065402672
59.2677083079146
-6.65891989915629
74.6453395596196
115.120778681413
177.52181073738
109.020113543458
-113.847064941267
-153.235077776061
-38.5635331741903
128.186146405942
-79.8159529533538
132.448950000547
60.1086581060018
240.655492876876
-56.5755418156149
-30.1800051038802
106.983817870951
38.6973698756861
37.2060568243352
125.202714271876
96.0654908760962
167.740156693083
45.4357105507962
-136.787628615481
-215.32216234163
-103.519432202926
142.084830445373
167.911864597897
136.073902675982
39.8873225029753
196.447636846482
242.430167077389
213.985416643494
39.2012057239197
41.4400163474463
116.700034735271
-21.1186912698958
289.832096478752
73.2591186215553
56.7862663413709
325.704140305639
252.637613866106
-39.4103340601892
-106.338829741162
-28.7386827414711
-19.3283367124881
-30.75687614173
106.561819405221
70.6772079036967
163.982446274922
14.211999308165
89.3408775624212
37.6052366892273
138.788145703867
1.13597125490182
-133.826467283071
38.0176211127782
128.56370753138
35.633652221678
-53.4674840500025
43.7139036352917
150.175724893899
67.7010717916274
-123.281678921237
-154.02014705695
-54.4540974442752
-201.002811738641
-176.951635670866
-138.152682850477
24.1029791027862
108.071975984643
82.2552657780955
29.7273173414972
102.249458006114
-26.7592710553771
183.442508185963
11.400590677434
-226.702582853905
83.9324775040514
-62.1713397684507
27.9311131602599
164.465728402902
16.9197480540116
169.914608183705
87.3191823802838
-2.63346804240226
-128.864063700223
190.849314275982
185.945646988635
-103.559000059663
94.3846761733196
79.2633047707529
207.71947302051
42.0038135088372
6.72224640085469
17.5960031119459
9.03529794396263
-25.656328724088
71.0306879177516
17.2036121152504
145.112474327266
198.433710271002
4.59490647679841
53.9191088372389
-29.9724947549525
272.646484470137
-58.173404783529
58.9374730123272
66.1104455379882
15.9764700722727
41.8070482657438
60.612927296858
2.46350951598867
-37.9905504006203
79.0828850949472
138.062788727318
44.2794690025749
11.3304608446157
86.1161593306199
-5.85961613849546
158.195394108862
-26.0412226702691
3.55049573554376
118.339956867361
47.7450404745111
43.8069569144944
58.4960736093205
9.14808197965567
-16.3118068672947
43.7732515234635
90.2700731704331
-18.7705725543317
-138.50717212906
-57.7512952388702
-68.7528800289047
169.16727370721
214.148017775298
86.5201952532799
-17.0142901994687
-211.713333526969
92.596773871815
105.126573182731
156.080941756826
115.987754055266
70.6749120429845
-134.752720848139
78.7169058634988
96.381518994224
-51.3078272418859
25.2753220851629
-83.4264557133254
98.0252247776514
101.208732960734
-109.443152111206
144.274881954469
44.2675325608709
41.4293823990169
24.6830279475426
-18.0216713121212
41.59489916374
11.0396191371976
-33.2866698056664
223.226147250068
-116.130487581049
32.089069919571
43.8921709414106
28.0235993475315
235.017448119082
174.226805736043
-193.21181929324
92.594123048888
172.538131934093
167.107487447313
33.8586941889217
108.002169816042
77.3697597869714
89.1487942107614
50.6798631225509
-28.0094489878267
-78.1093093648094
-134.2607785698
62.5775971879716
-27.7282083254239
80.4076532728399
220.576386984794
94.7730991306414
144.596861164694
-104.049240190851
57.7811588349264
181.627368914172
-9.32708989455527
75.2171448874342
176.990845429203
55.7426953032373
-4.39635276193789
77.490136052897
146.767096976455
80.6713192250751
95.3015851171062
98.0311554372633
44.9958090422797
31.2468617869364
-99.7750939524798
-4.34678638669713
36.6381703542967
115.12798746018
116.397645237337
37.2773297527409
236.661513444165
157.119067972084
151.935729577408
173.047437486784
67.3757012715151
-6.78568487655269
97.3073135206929
92.7022738781772
123.954556944429
73.1998957350929
106.374586188965
28.475370954927
185.15115227234
159.311953367122
-84.9404349687242
-84.4243973168588
-61.6009946453623
143.89226955209
68.6970752589356
145.840148151814
137.740655389956
-65.0994326182616
173.844670232053
142.847232857747
-14.9433269381008
139.32979687387
155.929327035929
141.142140817854
-11.7344590695311
-195.305653419137
-62.7191405763651
-42.4177371947153
71.1845967610116
110.789901282795
-4.78501858591759
-110.249079503545
-35.6786973662976
-61.2837935910838
67.3133610810631
105.388725819614
45.3473875428721
184.008622851773
-15.783225997296
-66.5686132292441
117.162034680995
-12.0967407836048
118.692312171809
-32.8408013785672
-5.32313640024324
154.823066252795
65.9633456505925
-27.1812467426026
59.441627429408
320.05051037203
-55.111353822758
-38.415052368992
166.940700733213
156.144791688864
50.4701719898817
-3.24292758930194
102.404345233804
20.3924148811896
-25.8282327109659
-30.2112605639804
227.846741957698
-73.9575450250642
76.3419357165255
-177.614651076944
47.4990407355445
34.4227520854775
50.7322625299488
23.7586249677352
-41.1492796909759
58.9820216858338
-6.5590375290097
97.6644282239263
72.1228438957033
-96.2041080719372
79.9921323837348
145.057104536614
-127.287019587517
23.7131311173217
-88.9448761623379
-26.2856773180592
105.640554480452
-9.72394976398757
-6.48580163269419
81.9091367286691
24.5383276927453
-115.349256963723
21.7360658718974
156.173941007686
148.321988252286
18.5108838973348
-92.2773078655562
-9.2810557925718
42.3375525460105
-35.4411654415437
106.564884388781
172.728784829428
-178.500922323806
42.6752073177701
46.138388345693
-10.16498874579
-177.041219553607
243.211589174834
31.8168035680629
-85.9405680705095
14.5700442628314
14.4103479244999
5.19741021293327
160.24186774869
110.215140225677
144.377155999752
-117.80958750037
41.1656185234142
75.3230528084571
252.786180681759
102.854053292926
112.675995633465
148.632228844183
111.941042225641
-149.268634751419
113.795596093116
22.8127990105799
193.265618284345
80.7108312377481
231.817464087979
126.431094141876
-1.06483658091078
51.0691968829934
-15.0882426999168
101.137880169624
230.426841574986
113.220554218802
-17.592332061128
151.600556321094
79.5425369945313
-20.3201981752362
-58.8132783993049
154.534223373493
222.641448430345
136.962314508512
100.527405883074
161.560001857104
-170.500521157456
129.495467945933
62.2342104070532
236.950135613203
136.138553629348
227.257379548696
112.556998837739
42.3264022169652
-49.7870975302803
100.070897068368
175.24664159728
-34.4340436460538
66.1347714147847
-86.6871412054405
146.962446988487
-23.114629591588
-14.0005006180247
82.5591579435254
51.4756507972894
-91.0801345832295
45.2043181311671
18.2143523241539
30.752523413797
-72.2709811390381
22.3071436928477
58.9933739816868
47.7689267004566
77.5504750219997
189.200755843303
-167.606165162167
155.797602262443
13.3240847346787
-110.142756298242
48.4227529421242
40.7934124811628
-76.0583323143823
39.3106128297144
82.9625170393143
57.5815668408863
52.9450400197735
87.3900377478037
185.961482388434
126.471858687727
104.280430740811
-55.8604810708119
-173.420086387032
-23.4389196031891
85.7709329894844
-90.6423575775591
199.223656963109
130.379050189127
72.7407337340001
73.1632278687082
85.9359895586444
-123.946917536519
20.6181101377618
118.598984821632
103.166876176091
-6.70378339692209
48.0987575670908
-88.5538862881116
47.952937112233
96.1362465820444
35.3405309325377
-26.1190492474796
275.809769891881
73.1353017079855
62.7667600782357
168.215824735978
141.015153781548
107.95455167371
25.739328983908
59.6784420514928
57.0688602892307
41.2013781389113
-200.832118947166
170.450225202416
211.256870569225
-68.8398090172874
36.3894947814715
61.8133792143942
-86.8266414248993
-51.5634915046111
